0   0   -211.14   0.00379877
0   1   -23.46    0.00486032
0   2   9.61      0.00456090
0   3   -9.90     0.00433573
0   4   -23.46    0.00416713
0   5   -36.77    0.00452352
0   6   -14.38    0.00485808
0   7   -31.73    0.00515026
0   8   29.77     0.00497890
0   9   -61.98    0.00527304
0  10   52.85     0.00510544
0  11   5.91      0.00521366
0  12   -25.47    0.00569423
0  13   -65.27    0.00584554
0  14   -40.74    0.00638528
0  15   -71.62    0.00543831
0  16   -15.68    0.00540853
0  17   -51.35    0.00562243
0  18   5.50      0.00544059
0  19   -3.35     0.00610331
0  20   -41.37    0.00612500
0  21   -35.61    0.00645374
0  22   -41.21    0.00615126
0  23   -45.44    0.00513310
0  24   -49.38    0.00607831
0  25   9.15      0.00670404
0  26   -25.47    0.00657778
0  27   -17.94    0.00678753
0  28   -47.93    0.00691253
0  29   -52.86    0.00609623
0  30   -49.00    0.00586895
0  31   -71.90    0.00454758
0  32   -54.14    0.00567105
0  33   -36.51    0.00621712
0  34   -69.79    0.00574125
0  35   -26.51    0.00667426
0  36   1.28      0.00672979
0  37   -28.34    0.00646771
0  38   -13.30    0.00576740
0  39   -100.07   0.00427835
0  40   -24.61    0.00479777
0  41   -58.34    0.00530125
0  42   -39.00    0.00573346
0  43   -60.75    0.00608316
0  44   -40.18    0.00608996
0  45   -59.15    0.00521583
0  46   -96.47    0.00477430
0  47   -141.34   0.00361721
0  48   -67.01    0.00463441
0  49   -35.54    0.00554376
0  50   -87.20    0.00445468
0  51   -103.10   0.00463449
0  52   -76.59    0.00506783
0  53   -65.74    0.00473573
0  54   -139.92   0.00417266
0  55   -173.56   0.00336891
0  56   -75.45    0.00412824
0  57   -72.89    0.00442667
0  58   -86.35    0.00403547
0  59   -131.35   0.00394362
0  60   -113.28   0.00442057
0  61   -146.85   0.00425401
0  62   -150.44   0.00392318
0  63   -133.86   0.00339232
0  64   -747.09   0.00294188
0  65   -293.63   0.00312540
0  66   -123.99   0.00534070
0  67   -136.46   0.00531676
0  68   -127.33   0.00520253
0  69   -100.10   0.00618750
0  70   -154.58   0.00368293
0  71   -170.59   0.00343832
0  72   -67.19    0.00683841
0  73   -186.79   0.00388220
0  74   -123.31   0.00599168
0  75   -106.39   0.00563261
0  76   -99.55    0.00636303
0  77   -92.60    0.00625219
0  78   -88.58    0.00437634
0  79   -155.19   0.00363185
0  80   -107.33   0.00651794
0  81   -134.11   0.00500173
0  82   -158.96   0.00470164
0  83   -130.47   0.00501230
0  84   -117.61   0.00489501
0  85   -134.04   0.00485128
0  86   -84.32    0.00591042
0  87   -129.61   0.00442746
0  88   -154.09   0.00471220
0  89   -91.17    0.00630702
0  90   -130.06   0.00587860
0  91   -11.09    0.00710750
0  92   -93.92    0.00679376
0  93   -79.77    0.00605353
0  94   -67.60    0.00675598
0  95   -130.17   0.00486575
0  96   -197.75   0.00492504
0  97   -88.03    0.00775135
0  98   -100.09   0.00712500
0  99   -76.32    0.00775137
0 100   -83.91    0.00791597
0 101   -82.79    0.00728165
0 102   -62.02    0.00765217
0 103   -176.61   0.00526916
0 104   -119.73   0.00590798
0 105   -78.40    0.00843235
0 106   -79.34    0.00728133
0 107   -81.61    0.00753989
0 108   -86.16    0.00797458
0 109   -101.43   0.00741053
0 110   -81.95    0.00781667
0 111   -95.25    0.00778177
0 112   -121.06   0.00616418
0 113   -98.65    0.00737275
0 114   -93.74    0.00753968
0 115   -94.15    0.00748285
0 116   -131.15   0.00689024
0 117   -96.71    0.00772329
0 118   -64.82    0.00733333
0 119   -154.19   0.00564729
0 120   -147.52   0.00552672
0 121   -136.77   0.00481575
0 122   -175.11   0.00442791
0 123   -156.61   0.00451828
0 124   -208.25   0.00427795
0 125   -173.74   0.00489601
0 126   -140.21   0.00472697
0 127   -253.86   0.00364175
0 128   -440.37   0.00422845
0 129   -458.53   0.00392801
0 130   -67.64    0.00479355
0 131   -93.39    0.00482160
0 132   -91.11    0.00531273
0 133   -42.68    0.00671296
0 134   -91.08    0.00630635
0 135   76.59     0.00742746
0 136   -227.59   0.00430442
0 137   -122.50   0.00429784
0 138   -76.44    0.00501186
0 139   -118.88   0.00428363
0 140   -117.95   0.00470665
0 141   -95.68    0.00471686
0 142   -92.38    0.00514748
0 143   -174.59   0.00454067
0 144   -245.48   0.00439379
0 145   -104.05   0.00473132
0 146   -97.78    0.00515762
0 147   -94.86    0.00522760
0 148   -93.01    0.00501736
0 149   -71.34    0.00547137
0 150   -89.19    0.00589648
0 151   -131.59   0.00529346
0 152   -260.99   0.00456186
0 153   -74.49    0.00501520
0 154   -102.73   0.00543704
0 155   -63.63    0.00698798
0 156   -5.11     0.00597718
0 157   -84.22    0.00573695
0 158   -86.22    0.00597263
0 159   -126.75   0.00518566
0 160   -280.62   0.00436545
0 161   -87.71    0.00483361
0 162   -50.82    0.00574902
0 163   -70.41    0.00812885
0 164   -16.97    0.00807022
0 165   -71.57    0.00848214
0 166   -87.46    0.00628889
0 167   -150.18   0.00563727
0 168   -344.75   0.00402160
0 169   -103.90   0.00447958
0 170   -113.54   0.00489149
0 171   -101.72   0.00538848
0 172   -48.84    0.00570974
0 173   -91.73    0.00612473
0 174   -80.46    0.00636712
0 175   -157.51   0.00535238
0 176   -354.91   0.00400929
0 177   -135.58   0.00447734
0 178   -123.58   0.00485099
0 179   -126.34   0.00474959
0 180   -138.33   0.00467317
0 181   -72.96    0.00559725
0 182   -90.10    0.00578323
0 183   -153.92   0.00552456
0 184   -374.70   0.00365205
0 185   -154.97   0.00381001
0 186   -177.67   0.00389907
0 187   -184.25   0.00408720
0 188   -201.36   0.00375979
0 189   -152.41   0.00410345
0 190   -183.15   0.00454327
0 191   -233.23   0.00455574
0 192   -672.60   0.00347474
0 193   -44.73    0.00793514
0 194   -33.53    0.00808864
0 195   -15.88    0.00834483
0 196   -39.74    0.00755875
0 197   -35.65    0.00798066
0 198   -54.35    0.00763757
0 199   -110.33   0.00621290
0 200   -74.42    0.00591348
0 201   -75.65    0.00738987
0 202   -71.91    0.00721642
0 203   -94.15    0.00661697
0 204   -83.33    0.00677830
0 205   -53.19    0.00737275
0 206   -73.55    0.00774324
0 207   -103.56   0.00739175
0 208   -100.35   0.00556464
0 209   -72.42    0.00696643
0 210   -44.01    0.00745220
0 211   -57.87    0.00783880
0 212   -80.77    0.00749869
0 213   -63.11    0.00701970
0 214   -70.45    0.00722843
0 215   -103.50   0.00709204
0 216   -100.27   0.00551418
0 217   -63.37    0.00767374
0 218   -41.62    0.00791460
0 219   -59.69    0.00800280
0 220   -74.16    0.00779452
0 221   -65.87    0.00747368
0 222   -66.84    0.00771196
0 223   -75.78    0.00732216
0 224   -97.88    0.00560501
0 225   -86.98    0.00723559
0 226   -63.03    0.00828324
0 227   -61.38    0.00845401
0 228   -59.67    0.00832845
0 229   -52.44    0.00802266
0 230   -74.79    0.00813506
0 231   -109.87   0.00697783
0 232   -144.65   0.00523964
0 233   -80.42    0.00673832
0 234   -63.20    0.00717794
0 235   -44.74    0.00788643
0 236   -38.00    0.00792458
0 237   -68.33    0.00762803
0 238   -59.26    0.00844179
0 239   -109.21   0.00659674
0 240   -158.57   0.00505913
0 241   -85.93    0.00664747
0 242   -108.96   0.00646727
0 243   -102.01   0.00683213
0 244   -86.34    0.00679426
0 245   -80.45    0.00782597
0 246   -68.51    0.00842262
0 247   -100.18   0.00680769
0 248   -164.67   0.00460506
0 249   -116.44   0.00592828
0 250   -109.46   0.00627074
0 251   -79.46    0.00675177
0 252   -115.07   0.00709476
0 253   -91.98    0.00757067
0 254   -98.14    0.00754521
0 255   -154.92   0.00545106
