0   0   -215.54   0.006012
0   1   -23.72    0.007974
0   2   -28.74    0.006127
0   3   -48.56    0.005688
0   4   -23.95    0.006220
0   5   17.78     0.006595
0   6   -16.51    0.006217
0   7   -0.18     0.006525
0   8   -34.22    0.007804
0   9   -34.64    0.007695
0  10   15.22     0.006917
0  11   45.05     0.007314
0  12   -44.70    0.008341
0  13   14.54     0.008223
0  14   -34.05    0.008357
0  15   -62.14    0.007014
0  16   -16.86    0.009312
0  17   -31.64    0.010060
0  18   -23.09    0.007710
0  19   4.96      0.008979
0  20   51.66     0.009423
0  21   13.64     0.010281
0  22   -1.49     0.008318
0  23   -27.93    0.007080
0  24   24.69     0.010366
0  25   -39.66    0.011680
0  26   56.48     0.009193
0  27   44.47     0.009360
0  28   51.09     0.010830
0  29   38.16     0.009340
0  30   -37.93    0.008064
0  31   -10.86    0.006478
0  32   53.52     0.007796
0  33   28.12     0.009052
0  34   -25.41    0.008360
0  35   40.13     0.009099
0  36   -62.57    0.009022
0  37   -33.79    0.008963
0  38   0.75      0.008608
0  39   44.64     0.006288
0  40   9.48      0.006550
0  41   48.51     0.007254
0  42   -70.32    0.007859
0  43   -23.90    0.008813
0  44   -33.26    0.008019
0  45   -30.43    0.007039
0  46   4.64      0.006708
0  47   -11.88    0.005275
0  48   22.76     0.006559
0  49   17.98     0.008090
0  50   -16.34    0.006702
0  51   -35.10    0.006796
0  52   -4.00     0.007267
0  53   -39.59    0.006658
0  54   -23.14    0.006444
0  55   -129.94   0.004981
0  56   9.70      0.005086
0  57   41.86     0.006073
0  58   -20.57    0.005602
0  59   4.23      0.005451
0  60   -104.94   0.005608
0  61   -88.91    0.005851
0  62   -123.36   0.005534
0  63   -98.50    0.004685
0  64   -484.01   0.004095
0  65   -251.36   0.003883
0  66   -129.65   0.006760
0  67   -111.30   0.006730
0  68   -103.86   0.007104
0  69   -57.19    0.008469
0  70   -123.26   0.004441
0  71   -226.71   0.004266
0  72   -94.72    0.008588
0  73   -185.87   0.004932
0  74   -125.22   0.007896
0  75   -113.64   0.007427
0  76   -76.53    0.008503
0  77   -107.76   0.008772
0  78   -56.54    0.005554
0  79   -103.35   0.004658
0  80   -97.17    0.008353
0  81   -149.62   0.006544
0  82   -137.59   0.006533
0  83   -115.10   0.006774
0  84   -97.30    0.007022
0  85   -131.79   0.007185
0  86   -20.28    0.007773
0  87   21.14     0.005840
0  88   -154.77   0.006412
0  89   -78.54    0.008312
0  90   -91.17    0.008025
0  91   111.06    0.009770
0  92   -54.50    0.009702
0  93   -49.86    0.008946
0  94   -61.08    0.009051
0  95   -89.77    0.006484
0  96   -166.14   0.006271
0  97   -91.75    0.010243
0  98   -80.32    0.009500
0  99   -92.77    0.010665
0 100   -78.70    0.011924
0 101   -71.26    0.010594
0 102   19.40     0.011355
0 103   -56.16    0.008267
0 104   -98.58    0.007504
0 105   -54.33    0.011514
0 106   -111.59   0.009750
0 107   -96.36    0.010423
0 108   -74.58    0.010775
0 109   -91.68    0.010315
0 110   -57.36    0.011301
0 111   52.73     0.011451
0 112   -110.56   0.008528
0 113   -104.94   0.010170
0 114   -75.84    0.010326
0 115   -70.55    0.010093
0 116   -99.06    0.010273
0 117   -54.38    0.011459
0 118   -39.55    0.011000
0 119   -77.11    0.008862
0 120   -144.77   0.007332
0 121   -142.32   0.006156
0 122   -197.96   0.005901
0 123   -186.55   0.006034
0 124   -173.40   0.005710
0 125   -189.09   0.006694
0 126   -121.39   0.006735
0 127   -205.81   0.005214
0 128   -291.07   0.006454
0 129   -302.59   0.005931
0 130   -96.58    0.006619
0 131   -116.26   0.006591
0 132   -7.88     0.007962
0 133   -8.62     0.009932
0 134   -76.43    0.008923
0 135   57.00     0.010388
0 136   -183.82   0.006347
0 137   -106.96   0.006804
0 138   -95.40    0.006925
0 139   -131.01   0.005907
0 140   -97.42    0.007031
0 141   -18.07    0.007409
0 142   -99.36    0.007084
0 143   -154.16   0.006427
0 144   -229.65   0.006495
0 145   -85.78    0.007403
0 146   -105.41   0.007494
0 147   -119.15   0.007441
0 148   3.24      0.008073
0 149   18.80     0.008768
0 150   -69.88    0.008790
0 151   -90.90    0.007738
0 152   -208.17   0.007118
0 153   -84.14    0.007939
0 154   -122.00   0.007726
0 155   -75.86    0.010024
0 156   65.75     0.009234
0 157   -13.56    0.009070
0 158   -83.65    0.008676
0 159   -107.70   0.007543
0 160   -232.44   0.005738
0 161   -154.79   0.006427
0 162   -78.36    0.008885
0 163   -74.16    0.012672
0 164   -1.36     0.011267
0 165   -17.63    0.012179
0 166   -109.32   0.008473
0 167   -159.91   0.007707
0 168   -296.49   0.005580
0 169   -134.98   0.006247
0 170   -127.06   0.007077
0 171   -132.31   0.007899
0 172   19.19     0.008045
0 173   -6.80     0.008817
0 174   -104.67   0.008619
0 175   -144.50   0.007280
0 176   -279.66   0.005833
0 177   -122.39   0.006306
0 178   -120.84   0.007751
0 179   -126.97   0.007403
0 180   -123.57   0.006731
0 181   -39.63    0.008071
0 182   -72.50    0.008034
0 183   -147.98   0.007944
0 184   -349.72   0.005063
0 185   -174.78   0.005074
0 186   -196.97   0.005561
0 187   -194.51   0.005754
0 188   -147.17   0.005062
0 189   -110.48   0.005546
0 190   -191.34   0.006110
0 191   -239.31   0.005949
0 192   -478.64   0.005252
0 193   -50.31    0.010955
0 194   -37.45    0.012696
0 195   -54.43    0.012410
0 196   -52.33    0.010843
0 197   -61.07    0.010943
0 198   -59.52    0.011979
0 199   -89.07    0.010173
0 200   -107.27   0.008470
0 201   -82.15    0.010576
0 202   -81.78    0.011030
0 203   -92.26    0.010378
0 204   -57.68    0.009776
0 205   -51.81    0.010063
0 206   -76.22    0.012403
0 207   -63.87    0.011073
0 208   -104.80   0.008292
0 209   -89.43    0.010525
0 210   -38.03    0.011399
0 211   -12.49    0.012209
0 212   -76.86    0.011757
0 213   -71.70    0.010837
0 214   -56.18    0.011720
0 215   -66.69    0.011137
0 216   -113.12   0.008217
0 217   -56.10    0.011526
0 218   3.85      0.012071
0 219   -58.37    0.012315
0 220   -54.82    0.011426
0 221   -61.56    0.011687
0 222   -54.95    0.012286
0 223   -77.97    0.011987
0 224   -85.42    0.008556
0 225   -83.45    0.010813
0 226   -77.30    0.011464
0 227   -70.56    0.011822
0 228   -25.58    0.012348
0 229   -20.64    0.012155
0 230   -74.97    0.011747
0 231   -105.58   0.010264
0 232   -101.42   0.007945
0 233   -63.88    0.010374
0 234   -44.99    0.010265
0 235   -78.81    0.010950
0 236   -18.63    0.011627
0 237   -22.40    0.011320
0 238   -61.16    0.011833
0 239   -79.62    0.009279
0 240   -132.49   0.007696
0 241   -72.59    0.009948
0 242   -81.16    0.010196
0 243   -74.39    0.010833
0 244   -55.93    0.010798
0 245   -36.33    0.012371
0 246   -33.67    0.012634
0 247   -109.73   0.010151
0 248   -163.09   0.006421
0 249   -118.51   0.008662
0 250   -76.80    0.008729
0 251   -66.55    0.009303
0 252   -67.88    0.010161
0 253   -39.99    0.011356
0 254   -102.74   0.010469
0 255   -132.60   0.007955
