0   0   28  0.00379679 
0   1   33  0.00459833 
0   2   29  0.00217437 
0   3   37  0.00206624 
0   4   44  0.00172537 
0   5   44  0.00138424 
0   6   48  0.00156138 
0   7   48  0.00147138 
0   8   29  0.00439843 
0   9   20  0.00241168 
0  10   29  0.00171464 
0  11   54  0.00166963 
0  12   62  0.00361933 
0  13   49  0.00228478 
0  14   48  0.00265669 
0  15   28  0.00191364 
0  16   30  0.00521176 
0  17   34  0.00524194 
0  18   31  0.00208287 
0  19   50  0.00248824 
0  20   47  0.00193048 
0  21   34  0.00208730 
0  22   43  0.00183568 
0  23   32  0.00168128 
0  24   25  0.00368058 
0  25   39  0.01084186 
0  26   58  0.00213582 
0  27   29  0.00173691 
0  28   45  0.00216966 
0  29   53  0.00180240 
0  30   38  0.00194398 
0  31   44  0.00140149 
0  32   35  0.00189772 
0  33   34  0.00217692 
0  34   42  0.00193657 
0  35   64  0.00161770 
0  36   69  0.00309256 
0  37   58  0.00217126 
0  38   39  0.00172500 
0  39   51  0.00101737 
0  40   33  0.00168771 
0  41   35  0.00134910 
0  42   49  0.00238103 
0  43   34  0.00197360 
0  44   42  0.00168091 
0  45   45  0.00130657 
0  46   41  0.00107009 
0  47   37  0.00088787 
0  48   61  0.00201619 
0  49   34  0.00206210 
0  50   49  0.00164980 
0  51   37  0.00147925 
0  52   65  0.00160129 
0  53   51  0.00135902 
0  54   56  0.00129134 
0  55   39  0.00112484 
0  56   39  0.00111798 
0  57   39  0.00132980 
0  58   48  0.00129576 
0  59   42  0.00100474 
0  60   56  0.00136833 
0  61   64  0.00137169 
0  62   46  0.00137323 
0  63   42  0.00094131 
0  64   45  0.00152068 
0  65   54  0.00100767 
0  66   26  0.00129319 
0  67   54  0.00130530 
0  68   29  0.00127471 
0  69   45  0.00140909 
0  70  058  0.00058639 
0  71   53  0.00075791 
0  72   38  0.00280876 
0  73   31  0.00131423 
0  74   40  0.00210559 
0  75   56  0.00165077 
0  76   50  0.00165348 
0  77   38  0.00177353 
0  78   57  0.00076081 
0  79  545  0.00061487 
0  80   41  0.00236603 
0  81   39  0.00174315 
0  82   43  0.00151604 
0  83   44  0.00130819 
0  84   34  0.00117733 
0  85   40  0.00142350 
0  86   35  0.00090256 
0  87   58  0.00061422 
0  88   37  0.00167746 
0  89   40  0.00169692 
0  90   45  0.00169341 
0  91   70  0.00096478 
0  92   35  0.00150000 
0  93   56  0.00141042 
0  94   34  0.00121312 
0  95   32  0.00077265 
0  96   38  0.00124555 
0  97   29  0.00224375 
0  98   43  0.00187438 
0  99   43  0.00227040 
0 100   42  0.00267525 
0 101   41  0.00162547 
0 102   40  0.00110684 
0 103   44  0.00101628 
0 104   44  0.00143004 
0 105   42  0.00237185 
0 106   42  0.00218309 
0 107   42  0.00217752 
0 108   39  0.00167862 
0 109   32  0.00153810 
0 110   42  0.00153976 
0 111   42  0.00094453 
0 112   35  0.00215741 
0 113   39  0.00271008 
0 114   47  0.00202162 
0 115   37  0.00160966 
0 116   39  0.00201119 
0 117   37  0.00161111 
0 118   31  0.00139568 
0 119   51  0.00122770 
0 120   40  0.00179899 
0 121   46  0.00114878 
0 122   45  0.00115414 
0 123   38  0.00106397 
0 124   30  0.00077570 
0 125   44  0.00119204 
0 126   24  0.00083868 
0 127   35  0.00069383 
0 128   58  0.01582692 
0 129   60  -0.00922619
0 130   54  0.00209829 
0 131   66  0.00215153 
0 132   65  0.00151161 
0 133   54  0.00181038 
0 134   54  0.00203025 
0 135   61  0.00249398 
0 136   40  0.00279643 
0 137   35  0.00339259 
0 138   44  0.00231544 
0 139   68  0.00200982 
0 140   42  0.00161487 
0 141   72  0.00150490 
0 142   72  0.00151443 
0 143   49  0.00126502 
0 144   42  0.00257260 
0 145   38  0.00309204 
0 146   71  0.00330505 
0 147   60  0.00305941 
0 148   66  0.00142754 
0 149   60  0.00124353 
0 150   44  0.00162841 
0 151   69  0.00157869 
0 152   43  0.00330636 
0 153   34  0.00276066 
0 154   39  0.00316970 
0 155   53  0.00291980 
0 156   68  0.00108736 
0 157   80  0.00178896 
0 158   46  0.00150718 
0 159   42  0.00121630 
0 160   58  0.00195714 
0 161   65  0.00267317 
0 162   25  0.00261026 
0 163   56  0.00523091 
0 164   78  0.00163690 
0 165   47  0.00152171 
0 166   45  0.00140213 
0 167   64  0.00142727 
0 168   64  0.00198652 
0 169   55  0.00197515 
0 170   43  0.00182048 
0 171   51  0.00241695 
0 172   71  0.00096348 
0 173   36  0.00092570 
0 174   47  0.00129403 
0 175   48  0.00110251 
0 176   72  0.00271450 
0 177   64  0.00224795 
0 178   47  0.00314124 
0 179   60  0.00350122 
0 180   26  0.00112377 
0 181   60  0.00111597 
0 182   47  0.00105120 
0 183   45  0.00157396 
0 184   51  0.00290080 
0 185   67  0.00169545 
0 186   28  0.00142091 
0 187   51  0.00130489 
0 188   43  0.00066028 
0 189   66  0.00075123 
0 190   54  0.00113598 
0 191   39  0.00115378 
0 192   42  0.00727458 
0 193   44  0.00357788 
0 194   56  0.00440575 
0 195   38  0.00457750 
0 196   46  0.00276250 
0 197   42  0.00283607 
0 198   59  0.00458000 
0 199   34  0.00277120 
0 200   39  0.00464205 
0 201   43  0.00420220 
0 202   40  0.00474079 
0 203   53  0.00468904 
0 204   47  0.00220738 
0 205   43  0.00198025 
0 206   43  0.00413247 
0 207   53  0.00263279 
0 208   42  0.00308661 
0 209   43  0.00388085 
0 210   39  0.00322453 
0 211   54  0.00273644 
0 212   39  0.00308800 
0 213   59  0.00300200 
0 214   43  0.00254274 
0 215   38  0.00226090 
0 216   36  0.00271143 
0 217   54  0.00434198 
0 218   39  0.00211548 
0 219   38  0.00302157 
0 220   45  0.00234960 
0 221   43  0.00260636 
0 222   54  0.00293299 
0 223   38  0.00319000 
0 224   46  0.00261901 
0 225   49  0.00340198 
0 226   33  0.00261557 
0 227   48  0.00253475 
0 228   51  0.00200140 
0 229   61  0.00197305 
0 230   60  0.00272475 
0 231   67  0.00242348 
0 232   32  0.00184550 
0 233   51  0.00268110 
0 234   48  0.00193804 
0 235   52  0.00222331 
0 236   38  0.00143232 
0 237   49  0.00155198 
0 238   56  0.00222705 
0 239   52  0.00144084 
0 240   34  0.00227791 
0 241   44  0.00241408 
0 242   46  0.00315149 
0 243   52  0.00281415 
0 244   38  0.00202624 
0 245   42  0.00210152 
0 246   55  0.00223171 
0 247   60  0.00286495 
0 248   51  0.00197135 
0 249   56  0.00280320 
0 250   34  0.00164899 
0 251   54  0.00170500 
0 252   48  0.00181615 
0 253   62  0.00198333 
0 254   63  0.00267358 
0 255   61  0.00177640 
       